1437
7402
3553
5243
7124
3569
55062
83729
6517
2950
64838
6309
1813
440
2194
6319
3156
79153
12
1392
9444
3949
154
4313
5743
4318
55422
7813
3269
7026
6493
558
9793
4783
1317
5042
890
6241
347733
51265
10912
55930
2551
64759
55892
5932
24144
6884
1958
79753
5930
7728
2896
11113
7003
84669
51085
8609
9419
7975
6790
7265
7157
3486
3638
5611
4173
22847
23309
25888
6303
4597
4627
83461
26271
10769
10926
4601
10781
3320
580
9133
79817
545
1475
2202
9585
23061
7556
4430
146909
4609
3298
7153
374
29899
10782
10202
55466
4097
26040
4501
162972
1031
5252
51606
3188
170960
23237
4603
10112
665
8812
79813
7767
677
9212
163131
6648
23099
2064
1289
51129
23471
23462
10520
2295
528
5626
51700
1054
538
10514
1282
6102
6711
81930
29127
79132
4919
11001
23276
8731
5154
1058
10808
4116
5681
6397
4496
3310
22974
2959
6322
2730
7422
9918
1021
143
26353
57180
9518
2669
7633
9958
64786
10049
1690
1191
2354
7554
9969
597
7702
4495
9833
8178
51585
8971
26994
113251
678
8233
5783
466
3337
6018
2353
8013
3669
4175
11078
7739
9412
7270
4616
26235
57335
51382
3652
26959
8941
1515
3164
6721
9787
4299
3667
7533
5325
10658
3148
3985
2048
546
23380
1027
4001
1390
4772
113457
3833
891
80012
10403
4502
221981
6016
991
51362
9493
10745
7776
7559
4494
7673
10914
51512
9232
55145
3364
9925
667
55290
9603
84124
169611
83744
55602
11098
50486
4189
1112
7042
113835
6286
526
84722
57761
8559
51147
1185
23363
5573
1589
1584
7040
6240
3283
5270
1586
1327
1576
6770
5054
57817
3651
2876
3576
3034
10891
4493
6401
1906
9619
29893
4843
3162
5320
8490
5799
654
5355
7019
467
9013
1728
429
4826
4735
929
3487
6649
836
9516
5764
317
3554
7453
1676
23531
2145
3485
10379
2060
55
7704
1877
9474
5592
1960
5371
2260
811
1616
2968
354
2033
2961
10528
2941
4130
6774
8434
1543
3725
2316
7375
6938
4862
4791
56890
56033
8369
478
51702
25797
4884
10855
6785
64137
3784
79068
84288
51440
1013
64799
3823
10892
25907
150726
2898
78986
285203
23327
63928
4953
753
5630
4486
3115
84951
57337
55691
4811
83478
309
10302
1364
79412
3748
26953
2045
3778
79722
3429
2628
5650
8837
1612
112479
7852
79983
360
5729
219699
79846
8406
885
10647
28986
3357
26190
54507
762
4868
55801
3547
55740
9636
7551
8744
80195
5577
177
7062
89795
115207
80830
6196
2797
79152
822
482
348
51303
1969
6253
5828
5880
408
81847
9824
92815
6347
9971
27239
9473
92104
79800
25960
1081
6354
64795
8788
29799
1848
56301
7018
80328
25769
7404
51123
9400
2330
151
1356
2804
79768
58495
9610
1852
23676
1178
51200
30009
3805
2252
5521
25984
6624
525
3780
1436
55521
25862
3134
3268
58528
54816
80303
10148
8785
29123
10677
26038
2637
6506
8243
10716
199731
3026
5028
79366
10499
26468
9477
7761
9563
643
10656
9435
23348
22849
5420
54550
2781
27074
9856
57209
3426
3587
4155
5829
3897
140461
9499
79583
3955
11160
1117
3149
83737
8712
79940
8864
684
140803
4741
1718
2642
10610
51533
9659
55187
3196
9595
3166
8674
9770
6752
130
1917
3687
4185
4675
26249
3231
79364
7095
716
2266
8493
2921
9982
53335
54762
22795
192670
138050
10186
8529
5562
7462
4861
8654
5029
1512
9617
1381
2998
9187
29923
23406
57718
57110
9244
79929
3250
6926
11247
1043
11083
29121
11064
55810
10023
3570
4324
7421
27300
2919
4761
9794
79365
23041
6535
23057
472
8537
22852
1305
4920
18
316
1365
3176
140545
4248
23392
27345
56145
8913
8605
970
7080
26528
57326
51083
3866
11120
57157
57863
1316
8638
284217
5174
90141
29802
4661
6364
3732
441024
5346
6546
4983
26512
79441
80329
50717
213
4162
9783
5602
5317
3604
55110
59272
974
1647
10750
6653
7168
7425
4118
8787
9201
22834
10021
140290
2674
64375
5271
23554
3755
84159
2983
26052
79012
7481
79772
6352
22875
51450
925
8728
9355
1911
11182
5156
8477
55779
81571
2775
64940
4794
10501
398
27306
3800
85352
4900
56475
55679
9975
8817
11240
23596
1136
50649
9672
7128
3885
6004
57338
7262
3394
4599
10154
11037
27128
5075
10144
2822
10846
52
10325
79047
29890
22986
6666
23764
9436
6819
9968
6915
2153
79632
23303
90865
116496
868
4856
23091
575
11248
3757
4804
79861
1116
7498
125893
5329
79810
1400
9586
55384
25876
8534
768
79924
4703
55026
10761
4277
84253
25818
10637
8651
8739
55269
10017
54556
570
6563
5947
10561
51087
23645
10105
7035
5790
2534
2914
445
11178
81543
2700
1600
55217
55138
4329
820
23143
22902
55275
4850
1152
55668
7290
5881
64924
10125
1369
9308
3709
10736
1961
6691
79633
7138
6581
79849
64682
27241
306
56287
23229
7277
1438
3575
65055
9455
9638
22863
3181
79858
54471
55089
6419
6496
5324
1573
57553
55359
5019
58473
79048
3589
55037
81602
1534
55753
57823
79968
23137
7409
5806
25976
27122
8623
113146
3099
1592
901
4935
55450
10518
2920
50805
4477
2147
89874
10316
6049
6103
5600
54855
63971
79635
4005
55635
5408
23742
9452
4076
23081
1109
794
1084
51286
22983
5730
54726
3790
80896
64866
6197
953
9568
23435
64800
8690
3383
9423
116986
11226
2242
114625
166614
57596
8174
5138
54491
23591
114548
11013
3689
11151
8924
10580
23302
2150
7130
1285
269
6310
2218
5414
55803
312
55509
946
26057
79413
27237
11199
8631
79664
4552
374286
53820
4858
887
283131
330
8334
905
5796
185
6622
51409
116372
3111
55454
10767
4938
79618
10516
79170
84034
9379
1428
56271
54472
23332
23114
2274
10903
54626
25780
6515
163486
8398
29965
1307
958
7216
1174
23067
2571
1466
8938
5101
4640
4939
3236
596
8705
3581
23408
863
2199
23365
53822
56946
10612
3679
311
29789
8091
2646
2165
6279
3880
9242
58504
51330
894
6548
221
1298
3783
2615
50512
57214
1907
51195
4312
4319
5144
5739
7957
81553
11009
30850
5322
55117
51480
54875
655
7074
23338
9118
7054
5865
6273
23261
284266
83734
22797
23269
5465
7070
7710
9575
80127
339287
889
55278
2357
3213
4880
547
79969
10360
28231
6257
2155
27316
11095
54676
25837
79634
50840
1394
79668
4524
63976
3552
1889
6751
6754
6755
8431
26471
427
5264
79570
108
10739
3964
3815
214
4205
51765
10391
2170
55766
9555
9521
29922
64344
6714
577
5914
26097
8028
2791
10401
22794
1909
11103
9100
9887
4067
23598
60496
54665
7223
6285
7804
3385
841
55105
26099
5983
9732
55233
23157
79923
64411
659
414
7067
6229
5683
50999
28971
55686
5728
6632
64762
55966
55081
4023
65010
5458
55329
4128
80164
3791
9584
4345
687
57228
26207
57037
10567
11335
10146
51741
51339
1646
6464
11046
79149
11011
1108
100129482
8743
26047
6867
57821
25865
26002
5635
64798
6249
23564
8520
7101
54596
1778
9570
9946
55640
9861
56986
57551
4036
388
54468
6936
6591
2487
3108
1462
6662
8382
51575
7137
4038
5194
26872
6281
54777
27336
673
23108
7280
5340
9760
1660
2561
7771
84298
57348
79833
55109
9771
22854
8195
4092
6293
22999
23705
1293
2254
25957
9255
8718
11010
9261
79780
9480
23015
158471
26205
64421
64388
3617
27022
26053
6323
7013
3958
4739
3326
23636
9122
5366
432
8476
79986
8644
5649
1915
3556
89797
7368
5214
54819
23284
23394
5770
30844
6584
63923
80763
9723
6095
10766
2355
6664
114884
9926
10945
6671
56034
5179
2734
9204
6252
8522
22911
388650
8997
23065
2923
10923
8935
116987
65264
285
51199
89853
983
23613
8569
3727
23476
10482
23412
80724
10324
3157
8572
11329
10915
5786
5337
23209
2035
390
2119
6507
781
7020
6595
51174
9388
999
1846
8630
10346
64220
55161
2173
746
79805
4628
1131
2070
23566
9021
57602
1404
80006
7424
23544
6375
1981
253512
5684
54880
5173
93164
4978
26118
147657
2744
80324
205
4117
55116
51317
7158
79836
55692
27161
23347
1004
29883
2719
3751
9857
5274
54939
4131
1124
55647
2562
55840
1523
23142
9353
1355
29106
10733
267
9830
26273
57007
4800
2232
10529
5093
200424
7915
4325
9217
1950
4753
54910
814
27297
25854
80025
140890
10439
8790
11169
3161
54583
4644
6474
7222
54329
4883
2162
9497
79572
91
2027
54490
2172
55103
53918
5452
55696
124152
7903
5328
3690
400
7164
9935
27063
79962
8553
5457
4885
5583
50487
57523
1545
675
6473
9909
114088
1026
55079
27332
81035
3752
92342
55332
54413
10788
131566
5116
11189
1630
7286
81031
3081
7436
27068
93
11214
53637
79850
2913
5638
51302
27309
51002
6282
54148
55082
10181
23329
785
2186
54881
9877
2978
4666
22807
2535
2969
3609
51314
63982
79661
79682
2842
7343
514
55839
91775
6672
256227
11154
28998
27125
10250
8870
4830
55027
11341
4867
1047
1052
8496
6638
79842
8798
55657
80067
2957
11243
995
5332
23148
5797
54454
10215
283212
1717
58513
50807
79755
6778
5915
5104
6468
4487
54922
7182
7403
8411
7431
1654
4054
126299
22839
8618
6777
6656
29855
5094
23177
26115
1739
3428
8697
9415
54532
80031
8795
22864
30851
11118
4863
23350
79948
54187
51805
79832
706
8237
10236
553115
10129
1028
84059
3232
6263
9236
598
53340
7057
27185
5890
4208
1063
4285
254531
51742
6296
9728
57538
5099
53635
55320
51421
253461
22891
2743
5108
388886
55796
64778
51020
55215
23207
29078
8996
56257
9404
6643
51115
10521
6513
29796
10135
11183
9107
64976
25975
23271
8462
114899
10447
283927
57092
23621
56654
7464
10046
6713
9515
59342
26585
2066
2872
27077
6663
29072
862
51574
65108
84726
22987
54681
4776
55863
54502
290
22822
590
23215
22929
23682
5989
10874
79659
11177
23191
9813
5511
79666
23333
6001
5209
355
9266
367
3067
2760
220965
8706
4915
5091
23464
55251
60681
5870
56944
928
4860
51167
6651
221092
11245
80345
9246
220
55714
972
729991
81539
11080
4763
10957
23048
51668
64784
1033
6405
7291
1396
55166
9923
26130
9915
25788
64131
3070
3598
11174
8190
23580
11215
57509
56943
3708
9727
84061
10330
650
56994
146057
80777
81578
90338
4618
7021
23301
595
2182
6019
8539
64750
5469
10274
6769
1301
65125
51313
284
2271
2701
664
259266
3097
8549
79057
1910
26275
9534
51363
7980
9811
5886
8439
197
57626
3817
55500
51193
10927
64116
10209
54504
2037
51367
114882
7700
55236
3673
6749
81631
10026
57446
4926
57556
1824
9037
6259
6480
107
9079
1788
8851
5978
56130
3358
24149
22836
7799
6490
9258
54103
5578
3069
6307
10873
8516
5922
7754
51241
56154
7078
10735
9734
115201
9369
5210
4160
4004
23199
23090
6646
1942
8874
4254
1454
4089
6655
4215
10746
10098
4678
6907
137886
5889
28996
100131755
4081
4852
25972
2104
23022
2821
91746
356
3688
1719
7545
8444
112399
353189
5498
652
4122
22936
5954
8228
65986
3759
1122
6233
2200
5327
22848
5629
4651
5176
6422
23418
867
55784
1007
145389
23043
22838
10253
55684
1644
5218
117
1326
23112
3488
22941
19
523
4134
9071
3670
54956
8614
7163
1656
10190
6387
2054
2922
51752
217
51070
22918
10973
51222
6657
2792
51299
9263
23001
8826
79895
8828
6528
25
25793
4193
8925
6876
64641
51663
10238
56647
1278
55273
23560
23176
10752
11075
22890
55825
11072
5394
5903
2222
7855
11163
2660
3371
2632
7091
23657
57125
4684
613
1490
211
54477
3093
7518
57669
4194
26054
7869
25937
8507
57001
10161
58526
6302
54551
23543
64582
6597
5557
2113
5900
7334
51053
3107
65983
4330
8615
51128
23086
54674
1121
64859
11081
25948
7786
9348
5445
6433
4986
55186
23171
578
602
54813
59339
23389
64579
51385
5272
10966
5862
55127
2934
56898
10094
26031
9200
6781
8804
55179
114112
9262
55198
51631
55831
5315
26523
10025
10763
64393
55532
389136
80143
51520
4323
8487
7419
6585
8092
2261
9547
6275
9532
6388
5081
80339
23658
2245
54664
656
4047
636
159963
28966
9143
57150
7227
23250
699
51761
7172
6119
4338
27092
1153
152
132
56252
4222
6374
9844
9043
11179
84981
23135
56942
283
9576
26046
10397
7253
7150
7173
51285
51564
10935
857
7171
56995
9682
3680
54830
10163
965
8204
25836
230
116
6654
23468
57151
55196
8497
140462
55737
827
11198
29956
3267
51704
9967
2296
1138
54512
117247
54989
26509
81888
6863
10622
26136
56937
581
4638
253143
3654
4141
7008
2890
23279
552889
54800
6234
3084
8895
79866
55005
2043
6432
2948
5033
80704
57396
6262
9939
7175
23119
83989
2034
5836
6616
5782
4055
8500
83448
55256
5305
3959
2181
64788
7703
9849
23089
26577
4012
51188
10052
55259
10544
11127
22809
25758
79612
55160
23200
113
25928
55665
2664
57706
10040
1742
793
4084
11325
4782
11338
1756
4085
10371
1030
51762
22874
6871
27230
54826
130916
3764
26018
4709
27303
5579
5802
5481
55734
4750
8825
1373
797
302
26508
4507
7357
2976
1837
338
5308
54898
5444
1182
150094
1032
150244
23224
5833
54788
58190
80321
51111
79838
10628
5163
51067
57205
25804
23266
4291
23424
3423
27113
1016
23522
2596
25994
55681
4522
3184
55073
7762
5789
2847
2040
4297
374354
29995
272
2539
4163
80349
653
313
25801
9874
80760
54951
8877
2911
7022
2892
10669
4087
55323
11031
9205
8836
4137
5925
10062
5955
9588
821
4792
23499
7416
10381
1875
7296
1638
51283
4170
51347
1967
6903
51495
6093
6489
7186
5580
207
1509
2947
332
2308
9538
8621
5894
7306
9529
58
54957
10963
9475
744
3837
3675
4072
10512
8038
5462
54
11221
9817
100
6906
307
174
6337
3113
3628
3624
1080
29775
22998
1366
8871
27115
1019
3875
2159
29887
9267
994
10599
1503
9111
55711
55540
80201
1001
3017
5918
4916
8820
4217
2882
9211
83988
3046
1730
1992
55619
3998
1672
5774
2041
5919
51268
11281
5292
23136
460
8928
5205
151050
6530
10234
1618
10687
8972
1029
2042
7298
54361
9863
5100
790
5265
8082
3619
32
8501
3479
7031
57493
3566
9674
30811
3437
55745
5036
631
22943
9188
8324
54346
81029
7547
1272
400451
5089
3910
4242
5321
9910
36
55268
8829
140578
3005
29780
2897
55283
9289
645682
10588
3693
63978
9774
368
9124
11197
4172
1513
1519
2591
10630
54796
5901
3400
2168
1982
54811
2315
3263
55816
1413
29116
26112
4176
3491
7032
1463
6750
91860
4925
2870
2192
1902
3248
55092
79730
4070
8934
11156
3106
55885
4488
5566
341
10406
3087
23127
1018
81831
3459
9508
85236
440738
1733
658
57733
960
8714
27250
4973
331
5430
573
1869
54901
1836
10099
50624
79157
6772
57035
3484
3295
9112
79685
7097
2746
9120
4200
10565
5885
1387
57127
5422
7991
5608
5244
9936
79706
6376
30836
8269
9557
5725
722
64864
6228
26278
7514
55612
2885
4891
23314
54821
23516
839
25827
55084
64398
51397
55704
6238
9788
8175
7027
9429
80169
7332
11339
6284
79627
60682
90627
55316
5507
182
3796
5021
51643
3904
533
7134
8459
5345
374819
25939
81576
9183
5591
25966
80255
2030
5939
55568
4833
9123
5822
55255
80071
1677
1776
3265
51435
3460
5921
54988
1062
5980
26355
6538
1591
55294
9904
83715
178
65084
635
64757
28960
23600
84296
3240
3976
6462
91373
3982
51447
4688
55788
4835
731
65987
54809
7145
5111
23556
81027
7443
6120
379
1808
6525
97
6609
2065
133
5794
1577
4499
54876
2005
9314
7077
6294
1666
7103
7738
8881
4751
54885
23287
65109
55208
369
55034
23461
11047
79693
8818
79696
3434
200081
6299
83759
55832
51278
487
7637
6237
55388
22882
22885
6532
9320
788
8991
10551
4583
51768
8470
9235
8639
51562
2243
375035
9759
966
3956
7764
7048
25807
57154
2548
2317
2152
324
586
9600
54521
23351
8844
10227
79675
54407
60494
28992
3091
5167
2189
27121
540
1839
55924
7846
26156
2705
51066
7015
9961
63929
6690
1508
23328
27101
1601
26015
10003
2877
10120
79582
26154
4435
1280
599
26227
9855
9535
732
89910
8562
4968
23670
7448
55165
49855
1009
323
10589
3685
56606
3339
10287
9240
29929
79071
201163
85476
10150
7159
9749
4974
2528
5318
55074
3376
3706
7249
24142
253982
23122
9903
2817
3012
760
6822
51542
80008
81876
11237
2224
231
7072
7086
10725
896
5090
9104
2491
3422
11063
64860
10079
7541
28962
1478
7447
23588
8379
81839
9662
8515
55144
7552
1184
8518
3280
50506
5711
8318
7465
4621
56980
26229
80758
2717
5950
383
154661
4940
27244
9134
64080
80308
444
23286
8395
3169
58486
4216
10389
1774
8751
1441
80213
4015
5937
26007
6787
10987
25874
1235
483
4258
9448
54959
54884
2762
26140
10615
10979
54849
8876
8811
23517
6091
1241
585
2880
3615
6890
572
55608
55010
8435
990
9816
373156
2017
1050
1786
3202
1627
56667
6195
6574
55761
7444
51192
55729
1945
6817
64787
7542
10240
57834
9590
10616
3309
22845
10643
56954
404093
2324
22868
196
183
404672
9540
80781
8764
4300
50862
23212
2651
65243
64240
1036
60558
57103
9712
7029
60491
3480
2109
63924
51635
1606
3417
3200
8031
53827
8034
7539
6416
3990
79665
3995
10269
23052
7461
29940
29990
8603
6894
22824
7349
1588
148022
56913
54874
5825
2956
740
51182
79876
2118
1281
10721
79624
55055
6696
79841
79611
26984
23240
1025
2213
5360
728
54852
5429
4504
9110
54879
54487
2997
10413
80005
5425
29988
8161
5986
4059
51393
56992
5744
8675
3697
56906
676
6880
516
2067
7248
860
9126
8899
6576
29087
9173
10262
1263
54541
672
57053
23550
6988
79974
83442
4780
28978
2936
1894
9337
55656
55558
23683
4282
79905
64850
23189
9765
55614
51156
4521
166647
7913
81611
3977
733
4212
10755
898
7360
996
9368
55622
55147
54474
6014
2135
6821
23236
224
3840
8339
5190
8777
9530
924
8729
4192
23247
1643
2036
10102
23352
55890
2786
6158
6451
90333
344
3716
7508
1495
9709
60489
5984
63926
5267
10841
10019
8853
5997
3082
1000
1048
79770
4796
1594
8438
1111
10592
53343
725
7347
79158
10272
24139
55687
29066
4071
1847
63920
5965
51601
3710
275
23401
79778
476
84617
9650
80153
130814
64065
219
79004
9197
6683
79868
60
56521
23612
3174
57447
9847
10398
64172
1595
1843
5970
54498
56920
80014
2264
23654
9039
11138
26012
26233
9984
3845
7292
55876
90634
7263
283638
51177
6317
4697
6674
55770
4547
899
55040
1649
701
55818
2056
57405
638
283450
5727
6399
2887
10627
486
55908
80176
6804
389
23169
2099
23312
84869
57460
2589
55827
1528
6809
56938
2538
4982
6502
23743
23562
56929
9175
7494
7106
4815
54438
8658
55346
6258
51015
8805
5793
55076
5595
9891
2810
6520
5585
9469
50650
11186
1106
79814
9051
1535
1017
271
3308
384
203068
8930
5584
27067
353500
622
9546
10570
1738
3827
7276
55281
629
3386
5994
2073
11168
7251
7133
81620
78990
23594
4615
23421
27202
3832
7743
60490
54882
23646
9582
11340
10449
976
3006
51138
54540
3053
54535
843
4436
6514
4321
79577
60487
7582
8648
734
51157
79789
5450
4090
7840
51375
25816
26578
9052
29095
4602
2358
7517
1200
7351
8310
23034
7538
3627
57016
54892
23130
23253
5352
23466
7805
24137
64834
8061
7132
6277
4846
23167
29968
64418
84065
10370
8894
10053
842
8908
5468
4143
10971
5357
8754
2244
6452
10875
1401
11082
5768
5230
9443
6742
7099
10845
1604
2059
1353
51134
221078
6450
4790
2272
54954
5627
54682
7109
26035
81606
64342
27097
4907
1119
5053
4069
9015
5603
6150
60684
31
8208
8927
51001
22889
2069
27232
23315
54894
26020
116039
2932
5898
6990
6138
28984
1959
9931
5742
2859
57192
57579
8801
23272
977
26152
90362
5599
51499
1956
8295
335
3625
55367
51315
8733
2444
54509
55225
80150
1953
9076
4528
54209
8556
51599
51022
10535
11146
51660
54873
1834
51361
23548
8495
9667
661
6477
152559
2002
56172
10220
8624
7850
51274
9364
10160
114885
55012
80168
1803
6383
866
5157
79083
57088
54205
51082
51306
8767
1060
10437
25840
6491
1147
7849
9901
9949
5236
79694
6447
79058
54810
65260
8878
23305
55120
64921
10479
6634
1965
9873
3898
51557
5587
80723
29974
8842
9604
9924
11184
3146
123803
9401
10198
51567
967
287
54475
9693
8412
64288
4129
2852
29117
79647
5971
23049
5225
26580
2207
55856
27165
51106
5164
55194
6720
4359
350
55830
55755
81558
55709
9099
1040
55052
27340
51678
4999
29104
11140
5166
7442
8655
55274
4636
1374
5624
657
2021
314
51710
7011
2620
10848
63910
3613
10475
10069
56993
2184
3614
1544
11321
1962
29957
126070
27242
7412
92689
1024
23225
6446
10550
23362
23398
8317
60401
824
6335
29083
11275
79586
23198
55790
5297
4320
9092
149076
1663
10526
112611
57146
10559
201562
79918
3249
5708
421
55544
6000
64782
3988
688
5347
643224
1361
10457
51616
5412
91137
9886
2530
2938
81544
79710
3574
1806
26960
3201
9168
3655
51084
7485
55703
5168
2014
11034
3140
5502
51701
64151
1459
65981
25940
9653
7136
8216
11137
10625
8914
1376
54344
9912
410
55366
6647
51474
3294
7718
85377
4249
55607
1870
3717
60436
6888
79896
1075
54838
5105
84851
1277
3957
93664
7770
4824
51454
9146
51203
10443
84986
23753
79070
6478
1559
915
5519
28990
55723
4998
55937
23133
6877
80235
5055
2332
23335
2888
8682
146712
22837
51547
462
81493
26232
9701
4293
7389
7429
5530
7363
23047
23322
5606
64854
875
54962
8634
55272
39
4121
29896
1819
6157
7355
1633
3155
56006
5834
9678
23643
9306
259217
8544
47
91355
3159
5478
2770
5913
64422
4548
5125
1871
6615
10924
9470
26151
29081
5004
10419
8536
4233
3938
57820
8793
201626
29994
6799
6934
51096
9324
55833
10799
56616
10252
5426
8702
7082
10635
6621
5256
60561
10728
23306
5996
4214
9414
4211
9592
4123
8577
7768
2305
4179
8659
8000
241
10466
55006
28511
9184
9489
10267
8824
11259
124044
8576
8139
54622
51307
2000
10978
2050
9514
55893
55630
55266
9896
2537
55245
6426
23270
23586
54877
10426
221061
6558
6391
23125
23767
79094
51031
63943
2843
932
1382
53346
4255
6036
7350
3398
54739
3918
2078
216
5657
10797
57162
171586
56288
671
2123
4600
1514
969
8530
27434
2318
6678
2841
604
11030
833
1347
2012
22978
23046
7107
79891
3303
9920
22800
834
3475
9132
4082
1555
950
1901
968
3397
5334
2475
8832
4481
3586
10365
7490
6701
1562
3713
1474
2312
2729
627
51747
9128
56729
5467
10217
3490
7025
10994
10682
3399
10007
7534
396
57062
57107
4929
9140
4314
249
4322
8970
26128
51460
10280
347240
157697
2697
51659
54958
993
29901
55151
1571
5801
8331
27147
8193
5129
1524
56926
4292
7433
54843
2944
9836
218
6999
2643
10170
23479
10553
25825
53373
5198
10257
9223
5152
3952
50507
79733
10058
8458
5832
7414
10166
1949
948
5136
6839
3749
3643
57763
10451
26263
374977
5787
4485
22856
123
51491
55159
58494
55638
6256
8854
79077
10247
7472
10196
55706
7851
10057
83990
79915
79656
51136
2149
6738
11045
7283
10863
10452
80853
55556
468
63967
2805
2058
8349
55096
5982
84168
51733
283871
3795
23265
63874
8322
873
9249
7293
54982
871
3182
2180
79695
2175
23234
1134
9156
3009
9150
29110
9319
55298
3991
63893
9510
79729
79075
1051
7111
80144
56983
771
6382
1140
64793
1763
53358
26150
5985
51337
29028
23590
9620
10714
81570
5564
4829
11056
5625
8772
79073
83937
6046
8736
9245
50939
80070
10243
4605
10248
23649
151230
3018
5335
8900
55247
8856
3838
79000
93129
16
7881
6495
5718
2321
6512
8447
7580
5080
2702
66035
576
3219
6509
54834
6301
6533
51728
23710
9957
23223
64785
23405
11130
170679
56902
23457
3909
5621
8348
51388
5155
8140
3726
10908
3939
5295
7327
5424
79019
55695
10468
9639
27338
10110
3439
29942
55321
2617
5471
6510
8277
4035
8974
8565
2026
7699
10152
6897
3557
4613
284403
5427
5778
4886
4174
79816
55722
7832
51030
9536
9440
3824
7039
8340
23308
593
5268
5069
55872
79698
10318
27289
2237
84823
64858
57634
55689
7123
10036
2597
861
7056
9772
7096
9960
6708
5831
375790
2555
10785
1491
3363
8737
7516
9700
57591
55112
10376
27328
1581
6541
11309
4854
5143
3297
23396
6916
5354
5339
5446
128553
1723
55210
105
3014
65117
2520
10390
3458
55576
220134
84561
10905
9583
10241
55786
10954
23397
8517
51141
114
55038
83394
79628
79625
11314
5631
10178
3098
8879
30001
329
4922
11065
3551
64689
100287932
6935
8891
571
283537
240
226
5966
51154
5526
5493
92140
641
83743
51316
56999
7037
4316
27333
3052
2778
1468
7058
2157
4350
54865
5999
23178
1268
5888
26291
8915
2908
4814
8329
6676
633
9478
206358
2235
6617
7423
10392
23493
25794
5734
3835
4311
8120
8633
126
79727
5165
1012
23268
4223
64710
9088
80267
57089
10572
3593
10266
79801
23411
1164
56901
1993
4342
9055
639
54436
5565
9315
4594
259173
6536
53836
51065
3122
23063
9421
2626
2627
6280
9074
9080
70
3170
9073
64321
4199
397
7295
2512
1385
1236
5266
23460
1234
25805
5226
1244
4363
6783
8554
9053
96764
55768
6820
10140
60559
80306
4286
5142
190
10645
23585
6440
2773
10513
250
7782
2263
1583
3992
4158
6518
7299
51151
8893
3292
4053
3284
5972
7779
3291
1585
51465
4094
9871
11015
2687
7555
4899
7112
5431
3306
347
3932
7644
3329
8626
6128
10562
5241
10951
3187
4677
6461
799
3925
6505
23017
79026
1983
3192
6402
3301
7184
9782
1812
5604
55661
8653
66008
8189
3068
7155
5906
4691
8835
7520
4256
9276
7374
60481
3312
7706
22883
55905
9950
3313
5376
3305
2495
521
10111
4711
4710
4708
4720
4714
2335
518
4696
9377
4700
4287
975
4707
1349
4724
4712
5884
402
5883
902
1329
7381
7384
5810
2178
80198
4728
4713
2176
952
539
11315
4726
4705
4209
10587
10018
9553
55297
9141
10010
28985
5523
51196
54469
694
55777
5928
6993
9352
5731
900
8985
7474
10724
8647
27173
5277
10393
11157
93081
10244
3588
29984
8078
4281
2201
2633
1841
1830
420
3036
7750
11096
3096
23179
9881
358
84162
10063
2100
2246
23077
9208
79834
493
1464
1948
79023
79736
26037
10014
64112
9230
2737
7301
7358
1499
27129
1363
9365
1789
7010
7046
1300
4317
3672
1311
3381
1306
5251
7337
730
2803
1645
7366
1553
4620
29119
8600
6519
9970
1572
623
735
1557
2052
79054
1548
149111
8735
6578
10864
56603
27284
847
7378
7367
4017
5146
1579
1558
3204
5451
9992
10631
8863
1071
2634
563
54332
205564
5348
3572
10417
51380
29948
2886
5763
55589
5534
1678
8726
175
10174
23545
23023
7108
1657
154796
80273
7596
79714
22954
83480
9841
81875
79134
2055
1861
10950
8321
55143
9189
57050
5912
10974
9148
6840
663
6355
10101
9821
79822
9145
301
23523
6833
5597
83716
222
11211
27286
11196
10563
11014
56915
9374
1287
23403
5908
637
10464
29926
55534
23641
8326
3983
9934
8323
3112
6545
4857
4060
1288
54918
6170
10400
726
9019
10998
51308
6357
3066
391
28951
6586
2953
7068
8506
1734
7923
23768
587
56925
4693
80216
9644
23354
55769
7004
6498
9879
51715
9119
9358
79892
23149
3776
10730
5159
7064
80305
79651
8660
8975
5037
7345
7148
91543
351
25909
5673
1602
10611
1831
64430
7177
8661
10634
56889
9060
6470
7083
5026
6590
6717
23255
6603
9837
23028
6929
5680
80004
80210
4817
4133
54806
5432
10254
4014
57535
81669
3183
83451
51646
8021
56731
113791
5704
399665
64847
4744
55284
4893
4879
10626
54847
23310
55559
220988
2982
961
2280
6857
5732
3714
7844
10970
1479
64943
89944
26298
23429
51131
321
27
8607
8125
55355
6947
6667
7385
2013
9531
2161
79622
84612
26060
796
5447
1795
155066
8942
56650
7756
196483
23277
6434
59
54919
757
5454
25777
79754
10492
6879
80232
55279
2673
6827
26084
4837
3433
10284
1434
1211
6629
645745
11193
5031
1123
5623
9550
10712
3177
10214
23660
6553
6723
23213
10460
57132
439921
5757
4171
7170
3354
50628
9685
5654
10668
1850
8508
5878
3763
22866
41
8309
6899
55163
64089
25983
3198
11167
715
79847
2542
4152
118491
54859
23097
2483
51073
120227
6652
10775
11051
85002
26050
8887
55844
3915
11230
4842
92482
5087
8408
79005
3934
11041
6449
94081
5245
9643
29763
23180
11100
8540
29074
727
4682
4803
26511
11147
197320
64121
1113
26030
6209
8796
10742
1844
6697
10061
8649
189
57418
9169
3482
8483
6687
84733
5106
79174
9853
8677
55954
286451
26292
51514
125058
800
2644
55207
80775
4288
7071
1809
22861
56474
10952
1964
204
80020
8345
10962
10307
79739
9114
1429
23395
10605
1662
55916
2935
10205
9422
79718
3273
142684
55958
9990
25879
23463
5713
9715
4149
5058
6756
3920
1842
24146
64285
10940
10481
8821
55432
7188
9180
6837
23051
23446
11004
55601
4154
7584
79720
9882
51548
64061
79716
2019
51312
54996
23071
84060
10300
6169
2521
3600
4237
1183
79844
7079
266977
64087
57142
1410
5228
95681
1687
400410
54906
55129
4913
60673
26137
4088
3037
8704
51108
51526
6573
6542
7480
1506
23648
79017
10609
51026
26011
79085
7102
6334
949
11336
4351
7162
55301
5902
115939
55506
11052
4674
9812
53615
7050
26017
645
766
5613
79056
25974
4758
3172
79677
10772
9581
26289
23336
79159
3696
55841
23432
55148
9907
2621
80212
9587
50861
63827
55254
60312
54496
23228
64386
100288413
6182
7161
55287
10525
85477
26517
4670
5140
29100
60676
10133
109
11253
29099
10598
6949
10396
79797
23231
10295
84861
1605
54704
5552
80034
6400
406
79188
6782
51232
2302
6236
6892
80219
5879
84830
54883
55353
158747
7941
9743
9091
9203
144404
79792
80279
5933
57608
79829
104
6950
2825
10591
4864
1854
23428
5652
22900
6627
2926
81621
1622
4520
93436
54845
3978
79745
10522
1290
22859
6201
23170
2584
65094
2745
79863
54839
6159
10461
64222
27109
327
81857
29080
9181
7372
8290
56342
23345
3914
27341
7297
2917
5664
6729
10314
5423
10486
8525
10298
81285
9318
7415
9567
5872
729230
5571
8642
9985
4690
3489
27299
9805
3665
79363
4692
51750
7730
1044
334
80167
37
308
3730
51176
2995
55743
6550
4784
79735
81603
63901
27352
2946
7226
8396
2736
5294
1269
6425
1308
3090
55068
6385
3987
7045
4828
3921
3597
268
10313
23604
30848
389177
22982
7001
4542
1876
4034
3728
10422
8337
27030
4585
5553
5905
23635
10410
200316
5824
64219
5311
2878
54585
8905
54516
6566
6665
51102
9702
28957
3659
317662
60529
51162
4100
5480
6002
5916
55168
4680
2710
80700
2662
23075
57680
58498
5293
9976
4113
4139
23589
6503
1746
920
1796
864
5896
9696
5780
4440
2566
10233
1296
2356
825
8612
84263
79852
1995
29959
55715
4111
26257
3185
23529
1787
7373
1149
51282
6276
7940
55718
221749
29108
54897
4438
2678
6625
2731
373
6274
7041
23515
56949
1457
4902
54937
1613
4107
8857
4701
5909
150
8929
9446
54872
7803
65080
51016
7289
9792
5692
23481
161
6396
64981
57128
6155
9747
10657
79971
55111
5016
1979
1936
83443
11057
10618
23371
80301
10474
55731
66036
9569
5298
53826
54778
11201
55014
1551
8604
9191
10581
115817
9045
10654
55031
55113
26064
7430
54458
81619
509
6129
8498
54916
1201
1066
55854
23381
3671
7167
79658
23258
6599
51594
7094
55616
9683
10208
55596
56987
25898
11170
64781
6628
5549
10383
55011
9898
8452
23095
7586
7917
6776
10277
7450
80155
80264
1258
1173
56948
64210
25880
4267
11231
6497
55680
54802
3290
5514
10549
10956
8662
57017
7311
291
9679
8886
50
1634
3799
1465
3133
29986
55239
5073
65003
22872
51647
710
7544
23383
2547
10195
64236
3315
64427
3425
203
381
51230
6801
51090
9093
51657
10670
4738
58517
9649
10087
377
26586
3420
1973
8635
192286
10487
4723
25820
23492
8613
9686
55340
11145
57470
4722
5074
475
818
55000
23032
375449
56259
1452
30000
23117
5170
79598
5098
23360
83439
51428
10260
165
51101
23008
10134
23164
6314
23512
10421
78994
23558
55319
6709
114327
8904
10211
6878
4335
10157
81689
80230
171023
27095
9158
1650
94104
5987
7528
10921
7639
51763
1793
27350
10960
55742
7392
3421
9031
1797
7733
8531
58533
4061
4357
25802
9819
5211
51042
10432
1805
51318
51477
957
55591
25900
3119
5830
55035
2949
9859
9905
6732
51206
3692
5936
3029
10493
51466
5777
5610
3054
7791
25855
79600
23524
2130
9846
24140
6919
7169
79848
7264
10906
23002
80157
246243
131
6223
6748
27295
10893
9442
51069
23154
5609
11044
10048
8671
11054
26146
25776
64216
274
55662
1175
8467
9878
10988
293
80184
2023
10538
22981
10488
8087
7317
112398
9725
81618
6048
64318
6943
5710
51343
22913
10955
51024
23313
29894
51400
25782
6764
3430
79873
4779
1105
2622
10204
55758
5694
2962
9260
51184
7748
506
6304
4478
78991
8519
51665
55757
7763
55335
9513
11066
1453
4809
83460
7837
85360
10199
3207
51226
4947
55304
1890
6645
79072
5118
92
55660
4802
24148
55968
55365
63892
25844
79594
1456
5690
22905
51586
79961
7076
23514
8260
8314
79953
3762
79144
644
30968
5062
2314
7181
79886
9295
80173
11033
9453
59338
23175
2114
30008
8079
23293
27000
27107
55626
4050
9456
10042
6835
79001
64114
5693
23510
5050
25864
4793
3839
9697
5310
8721
23166
6733
9733
51690
4482
288
23074
3382
1997
23637
7307
4660
7266
2131
11059
22878
164656
6710
65110
8425
4646
79143
3275
6659
826
9973
22955
79590
9552
4340
11346
11117
2891
5800
26135
10444
1912
5920
3916
10490
328
3611
23473
22897
79171
1212
1810
23469
1487
4637
120
7531
9399
81890
2071
23070
57720
7988
10928
5078
4736
51295
80833
56062
57466
5518
10980
6272
142
10726
56950
23399
55719
23451
10239
10121
1368
8815
8555
57728
1292
27042
4151
79724
6232
4771
3842
10235
832
23248
5660
10445
808
1984
54930
4240
23013
23300
7267
23788
83475
118
6996
79180
51588
14
10552
79837
10224
23012
4000
55039
5151
84759
81
8239
3913
2304
1264
23194
5499
11258
7073
23433
5048
54765
6418
55063
3703
9761
2580
54386
9721
5306
25906
219654
6789
8504
6829
5407
8266
3550
4775
3577
114876
3831
22823
9527
8780
51504
9512
7707
7321
10159
5700
3035
9409
7536
65018
8542
5691
9703
5698
10093
9688
8892
4191
9988
140710
9129
4820
6557
488
490
6362
153
1520
4586
3281
378
3608
79723
51780
23030
9978
23162
6746
7326
51619
8454
2081
9451
23480
9344
6500
7471
5396
51068
54680
23196
6747
55617
23521
55603
2309
9113
728621
84939
51105
115708
9655
4040
63931
23036
3694
55975
3720
134
5203
79009
1510
10309
3930
7319
3083
3691
7727
6013
81533
5296
8573
2905
10681
1407
6855
51004
9801
7178
8505
26191
55171
54345
2319
22992
9462
54360
8030
5973
51377
1386
10043
27235
6203
2782
26225
55751
6722
4063
5934
5134
2063
273
51755
79637
1378
4921
3678
5229
4798
84272
11284
3606
6619
79109
4259
5516
7543
55471
10661
60526
23080
79872
3456
5618
10507
6050
23251
1133
51366
2326
904
4641
64081
3094
5601
9231
9818
340591
7592
54832
5771
8558
22925
51117
54963
54971
3065
3931
57665
8936
11062
64783
1230
5607
210
3559
51094
2618
51135
149986
7410
23326
4952
9108
5663
8128
23450
9457
54069
6439
9885
649
55244
9064
51561
713
51103
81626
53371
10221
549
3560
9755
56882
940
2288
23263
9034
196740
433
51050
57148
4091
5740
55102
8480
51686
682
1435
20
1783
919
6885
55051
56547
10147
64135
51035
5196
5795
2101
25956
5223
1500
6875
3683
4284
10465
2677
1053
1161
84271
49860
43
30817
9501
55313
5598
55771
28959
5696
3718
5359
8694
55554
11099
23353
4534
79022
2206
347902
26155
56270
4689
3592
79679
56676
846
2740
1659
9673
1340
4077
6283
8994
4045
3218
1209
51422
3601
22887
5594
4239
148229
56894
6363
81494
81550
22877
58985
54840
30835
10644
3937
3562
84720
6370
57615
1892
79016
9731
80149
55628
23192
55007
64764
9265
83660
285527
157680
10859
6945
9135
10762
140885
394
912
81849
59340
81693
3630
83786
4887
10288
3030
909
26469
25822
34
8717
56924
2903
140459
2253
81545
8945
6165
1145
6482
51441
28965
1432
6556
8678
23197
3818
64062
79776
10395
3929
835
79712
57862
910
6598
473
8888
2219
9966
10206
3455
2257
3021
23386
2533
23609
962
3607
8464
9340
80317
4336
5052
405
26228
27134
13
79648
2220
8342
64499
1773
54221
79853
79956
25878
11173
2549
21
10663
7428
5911
8646
55341
10523
81931
2563
23505
3603
4354
10440
11025
92335
79747
51384
956
11165
79741
27130
1891
1641
412
23770
3007
55008
22933
22904
4869
81579
10200
10483
23101
4051
9390
3663
6351
320
7098
7185
80000
55344
3631
55503
63899
9533
8740
56112
1811
56107
6373
10568
3032
7187
79917
8732
440560
1511
2625
4969
4588
5191
23759
8482
23054
85021
942
11026
8807
55243
6318
57572
2671
127544
7371
3565
9690
392
4975
57707
930
775
3579
4046
5364
10771
4544
51566
8590
50615
51634
7127
55915
1318
53616
9465
8850
3508
741
5788
101
858
23761
151987
10326
1761
914
2899
3814
1593
9914
8543
2824
135948
79602
64127
215
84172
27020
80110
3785
26005
10097
5715
6122
55193
57215
80742
6154
8840
6734
29881
471
2650
23467
55248
8943
5533
79726
2212
773
4144
79899
4967
80108
50613
8703
55124
55054
3756
8445
5551
54981
837
25800
9645
1440
50943
10171
3015
5931
8503
6421
7272
816
79571
23780
246
5023
2624
7328
9652
79066
26108
4026
80351
8065
7174
3899
27236
219333
1002
23317
7225
5290
23527
3632
29761
23064
7092
1295
8123
29969
4008
51719
10085
9991
55835
6744
253782
1827
79862
5781
11228
9194
29766
55970
55088
54799
23181
7314
55183
9182
1952
118987
27324
55690
83604
776
339
3135
24138
22996
79890
6560
11069
9351
11257
10
6549
9980
2568
5558
6695
123872
5733
2197
2733
3105
55192
9537
6208
4049
7189
9048
55624
6210
3340
3766
8763
57804
146
6097
3216
3872
6529
64761
9609
55061
11012
6059
6166
6483
9411
1399
2525
79689
23787
124
5279
23254
4582
55157
5307
23201
64792
3856
26502
4016
10293
79908
80765
2001
566
27290
3852
10990
1291
2348
80223
8394
285755
5122
2556
9254
54539
7043
26033
10051
10959
9
10321
7411
9542
8848
79444
6181
5207
64174
51077
11332
53347
23195
23295
57819
5979
7113
6160
204851
51510
7093
2907
50859
84525
1755
10866
3705
3131
318
26059
5858
56672
11148
51297
1163
54677
7052
9136
54542
1946
1345
55224
80233
57613
7873
5286
23111
27346
100132406
11274
23185
4882
8841
25963
7033
10050
933
8861
10388
51171
23511
11278
79039
22979
865
3123
55343
56893
6445
251
81034
4836
9623
8202
10044
72
6184
8100
64283
9928
81848
10351
3431
1337
64699
10249
3754
5442
55957
9166
3128
8479
79944
10885
54014
7454
489
55847
5976
7316
7318
8839
6601
51191
6171
55315
79802
4717
50632
5361
5121
6699
6731
10409
83463
81542
666
4145
26010
51478
4931
2160
6207
6239
4153
56922
27010
3779
29091
29927
5009
10826
2029
10936
56649
845
9022
57198
23132
6694
3858
9467
5147
55746
23214
481
59286
11254
92154
9612
10938
55806
23507
2683
5064
173
29943
6194
79774
2937
4204
8404
5653
5313
9167
4889
9282
56935
11200
10555
4958
9214
10608
51280
81617
9033
3640
567
2619
3217
6891
6430
2752
1501
8722
2692
98
79400
114881
1525
9482
7341
51650
84901
8548
27329
3855
55565
23096
64208
403
9687
48
2044
4685
6366
23242
9848
65083
23019
54941
9466
157869
6737
2952
4624
3206
56548
5581
11108
6224
79156
8419
8800
5741
51018
5669
695
23040
55812
8911
4987
2248
79007
6291
116832
57178
25873
4695
2581
50865
10847
6775
57211
57758
112
50618
25819
4598
7753
8165
51027
57658
3853
5891
840
7476
9329
64180
79782
23404
57122
8567
10690
10498
79885
1736
79090
2203
51571
2494
10103
2193
29914
7874
2195
22995
262
2057
2690
4041
8303
2297
6217
1312
93408
7376
11135
27343
2004
3953
7456
3954
55199
23160
80344
4832
6658
6188
54858
55175
25987
7051
6161
6134
9832
56957
9919
29966
10246
5238
4848
200734
8625
1240
9373
10794
6235
91807
229
11176
55107
9551
26094
10606
8424
2247
4074
5066
5349
8792
1628
79228
23138
5576
11320
5326
1350
3804
11236
10263
10289
6650
1748
80129
1855
79707
55634
1069
2167
3664
55347
57419
3854
11234
1610
51651
157922
10964
6152
2879
1611
9875
27351
22984
26973
54363
53942
3321
51773
634
23107
8575
7701
4099
718
25896
57715
5204
54716
84549
1603
3773
9780
605
23357
4326
6883
55258
9392
9459
4147
5745
5047
3242
29937
6539
55285
51621
2251
7379
55727
7473
27347
1556
6218
79642
7769
2675
11153
8608
6531
610
3993
11180
5596
5504
64718
26998
93974
9381
22843
770
54737
54970
2146
1652
3336
4665
7274
5702
10858
1154
8325
51170
6227
23495
6175
55240
8399
64577
26503
10743
2249
6718
2583
54101
325
9221
53916
201895
4656
9883
29760
4781
23076
727897
8085
10213
2287
4676
60528
55848
6164
9666
79139
6094
6251
2967
64067
57126
7066
3861
1488
4331
54985
4745
6917
51181
23256
3704
9284
6626
84900
30833
1522
222658
80757
60598
9670
823
286
23220
10753
8526
9894
2250
1716
26472
1822
23603
2766
4881
208
9911
6205
8453
2258
8775
85294
57161
4839
1580
1540
5644
4157
3980
10686
3033
22907
5527
8884
23414
7976
9170
5443
22980
27023
1020
6812
56675
2196
6565
9927
1938
3251
23644
10868
6745
131578
7049
25803
11273
7408
10594
4150
6424
6675
7005
79644
3028
2902
51310
5095
3151
51596
4659
26277
79080
23139
2137
6925
1977
90864
1874
477
1238
79609
248
9656
5546
4148
22821
27163
3001
51144
2788
6660
10015
64748
3454
84991
79751
8550
10006
5876
1265
6444
5079
2151
3142
222663
9945
7075
7746
79667
80131
5910
51143
94
9627
136
79828
10000
59307
3768
51364
6320
3237
80319
2676
1777
5373
55130
23243
11123
9218
23039
3074
5655
55106
54619
6640
8029
10319
23281
144699
148753
80045
1302
11144
79870
10659
2289
64506
57336
27253
3384
79370
7504
79781
90956
643641
23007
5494
10484
3077
10469
54566
22862
55197
1794
3359
80055
80036
9517
4664
79725
10203
79006
642559
10586
57698
157627
4681
79958
2122
1978
23475
5375
10382
83468
4942
8673
1999
55033
78997
93349
140597
9227
1188
84268
63940
23555
1741
874
64754
668
64423
256949
23426
6543
653188
50619
2912
56998
3373
28983
27293
10418
186
54453
81575
51754
55024
728215
2018
4778
10740
100507436
2823
11328
2593
5141
23078
129025
5864
79750
79901
26119
10279
55733
7690
831
91851
10312
54328
63876
54587
2747
64284
6571
23500
1675
127833
29109
79623
22881
29015
1735
23158
55653
131544
55214
22871
5269
2800
5453
8794
4642
58189
4897
2845
87
5126
4849
79161
55118
9144
55289
3781
2115
63974
25932
4669
10045
1380
5588
54795
5563
5077
283298
6866
1670
25891
8601
5697
79887
54207
8492
6398
11143
51351
22894
23092
23208
4990
9711
54891
11040
1750
54836
79763
1759
388677
57333
59269
8502
1006
30062
6340
7942
57559
24
1486
29842
5473
80258
55906
3761
1496
65997
2560
10164
10290
55237
30846
55022
1833
81551
8407
7125
3775
11107
84804
2695
23769
54857
8499
10480
6327
3008
51691
54831
51555
64779
2567
57185
125
3050
386627
7305
7273
259
2826
23085
8809
399
5991
9032
57099
11202
9607
54621
27231
27287
79875
54997
22846
2977
978
57213
54829
55220
6457
100272228
25959
8076
5358
1896
83464
4093
5010
2028
64102
55584
11141
4808
51
304
56936
9506
116985
4086
9802
3635
10153
29114
4853
253190
943
9843
3620
55314
8473
7482
138151
1299
23624
2558
8560
3158
4683
57188
28999
81855
25833
27019
463
5139
10455
51666
3736
26268
1143
3257
5187
10399
8446
5250
717
5532
3682
9370
56829
8676
5935
54974
25903
26762
9589
5699
8738
7047
57048
51208
128
5892
53630
3451
6372
3226
3849
1284
3448
176
4719
337
4625
4043
5837
8992
26211
7180
22953
11155
9138
1725
191
9828
7570
10075
5506
26529
4671
2492
9162
3270
81552
54961
2623
4892
4221
7388
10131
9172
29954
27123
1158
30012
4306
5456
2529
3895
51185
5476
6428
83658
8570
23378
754
292
2132
51109
7203
1446
10916
3446
84164
80206
10463
10425
6636
65993
23626
8711
27243
6051
10434
9757
8650
84619
64769
51202
10741
607
80224
55020
4190
79643
23762
81833
22909
221830
5689
79663
23677
157567
3163
117178
27032
10972
10225
23518
10899
79086
8568
27334
79683
8484
51292
10489
54663
126231
7866
126353
26048
23155
26173
84033
79734
2205
10139
4694
55324
7417
5025
7469
94239
63875
27158
5440
28977
5695
84364
78988
1389
25859
55252
6448
9997
23094
2020
1762
2139
1022
51696
9360
10478
51160
1207
9810
140801
7275
1639
399979
6895
10347
2802
23650
5927
6767
9913
10856
989
3661
5092
54807
27156
4358
5529
11079
79673
2963
64123
23193
2166
10095
6146
53905
5672
79596
64895
819
9862
146691
51335
79042
9947
11313
3060
57476
11070
65005
54808
517
55140
5128
3886
55799
80205
83955
8940
10291
55229
65123
81627
5378
26027
23647
8995
5993
5887
2121
537
51329
2972
2975
1384
10560
51116
51626
65992
3945
50848
54934
23151
9152
54107
6191
23513
9820
10067
9326
6136
51372
28981
55644
11068
750
6015
6132
2794
4018
3975
91949
9681
246721
5968
5119
29
23011
57187
81030
1460
10123
79959
51029
6642
57111
25799
140467
6692
2649
29882
435
80347
55577
10109
1155
10273
55334
6768
2091
3737
9026
6168
7322
9202
11124
2053
26520
79818
3360
27249
4283
79064
64223
83941
23549
80174
27292
23
6124
23082
4649
79065
310
1445
50853
2339
9130
57136
65009
10427
80740
4543
9657
29107
22934
7593
6039
55135
8636
5195
29124
6139
51451
23633
3241
5605
10237
5827
84301
1359
40
56681
285672
2875
3190
6504
705
892
56910
6130
522
6794
78987
50813
2022
6932
2217
7458
10456
8428
90522
5261
51552
9054
80207
1674
26234
11152
57171
6753
23452
908
9669
55972
51227
51720
9948
5688
54856
51287
2328
550
9955
4245
29933
9275
8241
10975
51078
8533
6125
5441
10641
9159
2931
6604
4057
60626
79670
64853
2867
7038
57716
64745
535
8687
29967
7336
7694
6390
8048
10607
50674
9450
11020
3003
4125
6199
54815
23568
4673
10158
79003
5537
63917
2863
9941
4729
25936
51142
27183
10072
8667
6189
10476
22818
9147
5531
2771
10084
9049
54850
2
2286
29068
5000
10155
8341
5867
10073
6156
26574
6760
7142
10276
7781
26986
23373
492
10230
6741
80774
6608
5714
6230
60482
54462
10818
55700
131601
54555
79649
81566
9500
6047
54503
353514
3772
353
8036
7110
29851
7284
6873
65989
5720
26098
5586
9131
2051
11017
1975
4976
8833
26521
57664
1757
8773
10865
7200
57140
2799
55623
10749
782
22820
2110
813
9698
8409
1180
4607
3741
79414
25979
80736
9618
10402
29097
23415
515
8802
51125
9651
9522
7818
3075
27315
60672
6404
80764
9776
1072
1266
9050
8867
5435
5479
60343
6133
7529
11334
2783
6582
23219
23203
5682
54432
6902
23478
83483
55182
4928
6193
51086
9784
3276
9270
285596
88
10667
9987
22893
2072
1416
4188
51703
221443
2273
23235
83700
23113
56895
6554
1749
10162
7059
3109
11343
79987
80221
10435
5737
23576
51071
54455
10810
55083
963
79443
79652
2171
10424
84695
498
50863
225
3745
1346
364
54893
443
2819
80218
79145
27132
3567
79845
9902
6386
8906
10579
5959
9746
79921
55720
5409
23218
2185
1951
8450
50814
3676
79960
79713
6898
27252
147
4762
6948
1737
6472
11000
6580
51076
57104
3595
1294
3549
84818
3117
9402
29071
395
10840
1233
140465
5495
8460
10055
51099
5411
22928
10732
29803
10904
4247
7014
9367
3178
3623
5046
10232
2820
2812
11073
7884
65057
3199
4355
22906
3300
9735
55867
9839
23020
9057
27301
2294
10020
81624
336
64780
29947
366
2103
64816
6118
10765
8745
3558
2350
6579
51706
5257
3416
26092
6198
79657
5082
29058
55669
10787
79898
3981
10919
2011
8566
79184
9338
3809
102
6904
54801
22914
9331
4595
55667
63925
26750
7571
399664
440026
23587
8242
5536
65220
259230
6183
56965
1397
50515
3338
5130
51444
91300
5569
9647
51006
382
973
10336
80335
78999
55911
51593
56904
79807
5520
1780
26168
8402
51433
113612
28964
6693
2889
65095
1968
286148
81537
64581
22880
8574
998
56888
55750
921
7204
283345
55280
3002
5719
23072
939
5868
10922
1785
23190
81622
9917
6045
55108
8741
6356
59067
3419
64837
2517
10197
84908
10691
5001
56163
11319
22990
440073
5926
54905
8581
9922
9325
1629
11190
51309
23262
23204
63897
55177
23593
7140
80133
55748
23708
23211
221037
23109
708
7511
343071
10328
10556
6928
55125
4704
2359
54968
22919
23786
10038
7205
10640
29944
51056
6847
6443
55705
10602
5877
57116
10308
9334
55775
4289
11345
25771
1615
7936
7104
4126
9779
139322
3189
10614
63898
29088
55610
81792
85363
10632
55172
51341
7475
11282
29092
80208
10869
8451
10363
7259
3660
23379
57473
9870
25841
57506
2965
3646
23165
1286
11222
10066
1213
1955
7716
7812
80196
26589
26519
10825
2971
26100
51289
23438
79587
23025
5724
5528
29946
57018
9648
4927
50488
57038
7390
23221
140883
23299
81929
25839
10531
10672
9519
23484
11213
3418
55149
11021
9684
51479
3590
8315
24147
55699
23344
79672
55374
84679
26999
11216
10384
10096
25823
10902
5861
55781
7867
55754
79133
9342
4801
284904
10462
27349
5097
1729
55735
57130
26073
5045
64975
4905
3622
9056
63916
25901
51231
54606
23205
64083
3621
10827
54827
8513
2990
26499
64840
3010
5687
10261
10505
2954
9632
56985
7320
9427
10776
23233
22916
26065
5648
51187
4756
80222
9825
51321
745
10113
79954
55173
54915
202018
11311
253980
8289
221692
66002
55573
1760
9962
407
5160
5589
51611
6343
83696
55095
5590
30813
91647
23230
2713
79631
23035
57045
23252
90411
55291
55260
7088
6305
26354
9247
6834
9851
1352
50809
55101
51112
54518
64397
23066
84975
10286
513
7016
51669
5096
3848
38
10380
9767
80705
25996
10857
7323
64746
55717
8455
23369
3145
3843
55379
23384
55201
9002
81697
56339
51100
8672
59341
64429
10458
79957
8880
7705
55326
79690
6788
8875
23324
51104
23607
11318
343990
54433
26297
9989
5193
9942
10793
22985
23232
9842
4702
55763
54538
10636
124565
7597
1398
1351
10802
9804
79830
23536
54868
4799
23595
5981
23140
51204
9766
51081
60370
57610
5188
55212
3782
79825
55633
51592
389898
79812
54995
9139
10985
23294
955
64108
84928
55167
83752
4124
4643
1101
10282
55636
1370
22950
2915
51290
140460
4855
54537
160518
23264
5875
80115
55303
23274
5929
2768
115
11022
3747
5792
54938
9762
2590
57826
6882
4698
23102
59336
64960
11252
11104
442186
79603
55791
1039
5641
83452
79815
5636
60488
25809
23673
10009
9692
222487
7512
54978
25813
23304
7084
23186
8535
6832
11019
54520
9375
10652
2395
64376
152006
10651
9416
25998
2585
57147
24145
987
51603
4957
1160
80145
7407
23038
7324
2587
25829
6469
5300
9016
3049
84809
7023
23259
25821
6117
1314
11331
8527
63891
9238
114791
23443
653784
8192
80346
11260
763
10352
57282
60509
94134
326
55776
58510
22920
60468
2909
56984
26692
2764
126321
57223
55361
93487
54948
54896
5351
7247
158
1838
81609
55631
55293
30
55288
23168
10201
2531
28227
2329
9361
27245
84656
49
53944
80021
60492
5316
5873
51003
346157
2992
23126
283459
8291
4908
7752
10695
55094
653238
6814
10884
23291
79786
670
55218
253959
27075
474
728661
3912
5428
55795
55900
25789
3658
4752
648
28
491
2208
8776
55176
26504
80117
1371
116138
28973
55002
1823
56674
80010
79980
59343
6901
5701
3836
5538
84243
719
3936
90204
55759
55837
57380
55526
54977
55213
53405
5213
55652
4668
10758
2828
28958
54928
54952
81894
22858
7916
3092
25924
64848
91754
1943
64743
319
23528
56180
23241
84196
50944
8564
55898
9815
64760
10342
5464
79172
951
7356
58516
80022
51110
80063
23163
2239
6594
56255
55508
4734
4795
10142
29781
10076
8148
2120
6596
57787
29094
1144
79411
55666
26058
10678
23659
51760
10981
79731
54482
5510
9953
7126
9209
55015
23042
23409
29105
9356
23331
79877
8050
81565
23031
51540
1642
10059
5723
27090
55802
9601
27069
53
3882
3811
27238
6927
1472
5515
1471
1339
54805
113178
417
51439
2987
838
9580
4102
10500
4261
1482
57402
5216
79646
7399
2138
1118
3802
1944
54861
9972
2553
5676
4232
2281
5784
4610
810
6631
3965
2869
5754
57149
79639
8916
25890
239
51365
2592
10564
7030
56659
23552
5817
4878
926
3760
22926
26239
9628
56142
5449
4308
10408
6869
55800
5350
64714
10165
51014
23210
6611
25792
10946
8819
8727
55023
30849
25796
22976
8803
6605
5393
10527
8669
10184
11007
10600
9410
29082
29980
25842
9397
7398
6431
830
5567
29953
27131
1974
7105
51399
4218
8073
6403
4109
11279
375
4686
3212
9520
9867
971
1003
4052
3596
9956
64328
9149
57097
56311
10083
11077
64856
29935
80095
119
51236
2077
8710
646
51560
10786
79442
27071
579
9077
7798
22870
3884
10877
1193
10404
6521
64063
50700
79931
55299
6041
6361
57468
80179
9663
116984
26548
7122
9823
55539
7166
55973
55697
375248
442194
10913
55520
10539
56300
23349
9413
10106
3787
2784
56911
5874
2523
1849
79777
2047
55785
5678
201229
80086
57798
8909
4924
79629
10193
25893
196441
10497
5651
6297
55621
10734
10090
5336
5362
761
9764
10613
4356
55238
8514
8131
26575
51458
333
767
64405
79932
171546
51427
4629
79820
5208
2268
6261
5239
92595
5382
84302
6522
5189
81796
10621
23546
23341
9252
5158
54932
60493
10693
7089
3641
284021
11093
2829
4013
11166
27436
54752
4161
65258
54581
2327
80746
9454
23283
5367
8359
8089
91120
7553
10590
23359
363
100134713
80352
23059
1237
8632
23542
89870
64097
3698
6324
1800
440352
64919
1832
5017
6441
2735
11272
859
3440
400961
2668
54979
140609
3215
8986
56155
4841
654434
7693
9597
6568
5202
11251
26091
55339
79884
3746
80152
151011
11142
8622
92856
5923
3816
81569
9625
7348
10331
100126791
57586
6953
11119
6641
8822
9040
51673
2582
9938
27076
2689
3707
10226
23382
23174
430
57134
26032
2306
6715
5027
349152
9023
1008
9014
57158
9742
25849
1816
1014
79854
6583
3684
5646
5008
64849
23288
8725
1411
1415
23161
29951
79758
2191
3175
54210
8786
9796
10369
51233
22802
5866
5990
1470
285282
2720
7100
4923
25834
2331
4948
10683
11238
85452
256987
114897
1991
2352
222255
79573
3662
266655
9720
7691
11280
6295
25897
2868
4992
3851
1087
83714
5575
26256
9394
6588
11116
9363
10219
51281
10367
55064
79684
29774
23187
1444
10773
64218
64922
196743
79785
54925
10329
5333
29063
23627
90806
23509
10723
51442
84560
54943
51379
8932
8643
23093
2739
51207
9706
92609
8416
5675
27190
5717
79183
728855
10620
9753
51320
23503
54552
138046
7053
8187
2049
54544
10814
10301
5998
23366
59344
284352
54797
1393
54093
2774
26470
83445
26088
844
55070
80310
10013
9366
11122
1893
1408
284439
55713
57404
5137
11005
8111
84859
3750
3777
6369
83446
5002
64598
1845
9729
27035
57645
3043
54732
8045
501
5671
79839
112950
7827
64077
200315
11276
2925
79977
1360
2267
23321
124222
2323
55853
7087
80895
2010
83444
6442
8645
1395
6843
617
27034
57731
51043
22921
35
10969
51334
1362
57379
80342
6278
50940
5753
5775
9496
3141
9605
80350
6668
9737
131408
9933
8227
7695
57091
9372
11342
6567
5372
8437
5593
594
1005
5068
1102
4337
9840
9739
28232
26253
10116
79154
7405
4634
79783
57115
23358
669
1727
9929
5433
2918
4037
5034
85459
54972
51449
3887
23534
51107
8022
4250
53947
5747
9526
113177
29992
79966
50855
196403
51471
253943
7625
29949
4437
3758
51319
50617
55203
6368
65124
5341
23120
57118
54820
9641
79368
60485
63933
55922
9341
4593
9751
91227
6344
57502
124583
55351
84790
91304
4591
9754
959
23508
9185
5284
51360
6688
2672
6564
22
53407
8153
9785
2996
1539
6874
7143
7862
9498
221823
8898
923
5463
7380
10297
5707
51569
2806
1857
374291
752
339479
1104
80243
6331
64231
24141
26051
79865
4065
64925
2900
80128
8859
11188
8799
2769
3695
608
51237
25852
60313
283232
9447
8420
6944
5273
6367
54780
10800
90410
64167
79894
79155
2098
340351
55206
80789
83637
80003
55843
9094
23760
1477
5368
84705
23530
51092
51455
55142
9330
9781
23005
6346
954
29916
79101
80263
941
149628
3045
783
6137
64092
7329
26751
54440
10491
23483
25949
81932
54842
54165
81491
3512
29902
414918
4604
2125
64766
10744
64777
54434
2006
81033
51338
388569
26610
90993
641339
11322
4327
26272
55888
9229
54869
7982
140
795
55357
79621
56833
23541
3908
10993
80254
5083
9491
92086
4010
9420
79589
6338
10256
79982
164
5338
5525
10653
3561
10024
23370
55620
8869
9425
54529
8688
64789
387509
5988
6511
5798
3868
3797
83481
11326
10320
11006
780
79605
254102
10791
5803
8350
26085
54854
9283
6623
23037
54741
5275
23216
23024
10124
9562
1829
440193
28234
5365
2515
79784
22865
9677
3055
6555
338645
247
54903
5406
3911
5791
9631
55041
4303
91445
80256
1998
55328
917
55219
64129
90233
5500
6712
54914
393
23533
80271
55190
362
27429
57194
11187
1620
55200
8989
79883
3024
10100
1565
7156
79728
23029
7775
8521
9921
57515
8761
63035
6187
26049
133619
4988
1476
26036
440515
7965
51164
54623
23376
171392
7294
8528
5805
1632
8270
11074
4654
129642
387
7060
1775
1821
84187
27089
29103
9637
11261
25992
51021
51327
10149
527
10327
5288
85458
4635
5686
8976
54986
51654
6707
5685
9083
2557
7594
55205
23316
8443
8789
51734
686
55974
55752
55312
2658
58488
51179
5051
10617
51218
947
11264
3120
25790
22903
64091
3000
1636
10218
57799
23129
23368
26013
1232
23601
2811
81501
8200
7503
3293
2313
22850
201501
30820
10411
10558
22930
10738
80059
8288
56171
55507
8748
9758
23339
3563
5709
51097
55001
439
79166
8756
347344
155
80204
6886
9058
51296
10694
56156
727800
9196
2854
29889
5127
10278
11126
1388
56891
7726
223
56886
2068
5977
55226
55209
10092
55181
54465
9025
6780
8027
51150
23367
51163
6689
10540
7525
79990
163
1802
114908
55234
55744
9937
50937
1859
79888
64763
212
9611
79759
10210
286205
11076
4353
10138
411
79087
56978
26039
26266
10803
223117
55080
9640
10212
50804
4068
56660
1142
3221
90957
43847
10168
6406
56953
1267
11043
3483
53904
815
7755
374655
5148
6813
10005
51513
10911
5232
55823
3973
79767
64601
64794
8218
57513
51333
6942
1493
51293
26093
9722
96626
8170
64170
23245
3229
345
9718
27079
55100
64374
8099
644096
7260
3984
55133
10524
55253
56940
10867
2303
8433
50509
2861
3110
5063
6845
6332
6850
54733
10675
29767
6900
54715
64084
27330
1537
54112
10245
10982
3642
1743
55066
1431
79913
51430
84747
375056
51272
4168
8774
11027
158586
26505
22873
64343
58478
8019
317781
6793
10541
54758
10285
4888
63935
10953
7220
65999
114818
4140
8896
22832
2853
8664
115353
51124
51374
55658
64863
148
376267
27304
11162
51291
10650
84516
5178
54867
9488
57060
2108
51011
25806
81577
28969
3073
79882
22827
54886
55277
5192
149603
22869
9487
10671
9274
81562
51271
7841
54431
51507
64175
201134
51009
25828
55311
7507
22884
55813
3801
9854
26993
55048
22944
54878
79989
146227
6098
8692
79038
5162
9866
9578
51582
51012
10130
81608
22841
55153
1497
64118
10231
25814
5287
92579
387893
30837
25988
23619
55128
10180
685
56996
11316
54863
10573
10472
63895
5716
55131
81790
23141
22977
3080
54942
56128
80028
9391
26056
56159
1198
79746
6453
9061
9445
1196
26873
80194
3344
79616
245812
51693
80146
51172
4234
54531
81555
9468
23239
84779
10947
79585
54908
55511
64747
1141
57406
23014
8882
29115
343
9889
55222
56478
1192
54825
2801
65985
1315
51304
10467
2564
375346
22938
6494
25977
7466
5634
10054
90379
79595
23244
55093
51809
80209
79903
51389
1186
85865
3699
8912
55501
79752
28952
51340
64130
64215
54480
23623
2107
51025
9095
91683
51531
167227
1798
9814
51371
10534
3355
11344
55257
419
79581
51205
51098
10107
56125
415
80114
55246
23774
10430
4110
60560
26286
7766
55651
22828
8910
7692
10882
64425
64132
7905
80032
6773
10004
57175
54769
10897
9694
261726
57117
758
10179
2639
2039
57576
55701
56605
10473
2638
5217
8668
747
33
89845
22876
63894
55030
79446
80023
79912
26261
26608
7984
80135
9296
27344
29915
27044
55859
51276
6499
192669
51228
51013
729
10575
55741
112869
26009
1409
5281
9658
58477
23417
29982
55858
10362
55738
22888
55650
5860
54517
22924
28955
387032
79178
27229
79671
7036
5547
2241
5550
55204
6342
3960
11171
7268
7678
55852
4007
25850
55884
3612
3626
11136
9070
6726
7486
372
79091
8545
27246
56648
7090
9704
6575
27175
79939
147179
5434
81887
1010
79641
8834
23597
9321
8440
92822
9710
28968
5184
79947
55227
79574
5826
27247
10623
26063
23361
5003
55760
23474
79035
79799
79135
55003
6868
9654
3712
26255
11266
10813
51133
8491
58500
9317
25961
5110
103910
79147
9154
9738
9097
6940
2275
80755
81853
26003
64768
55756
56005
29880
84079
55821
168544
3700
6736
11102
55295
2787
79036
728642
1259
55090
79803
1954
79050
6360
55191
51322
162
55325
8226
51052
10229
4650
25913
65990
23318
6612
9541
10311
25941
1181
26123
25950
54812
11285
3223
7564
6905
23498
55664
60685
6185
8287
2140
9322
29911
84223
5899
10983
93210
79018
56834
8417
8509
829
642
10578
6035
8301
80019
7257
9376
5662
3820
1655
26000
29079
4818
29888
7165
786
5706
9354
10633
23285
92017
29777
57496
1673
5820
10169
6167
8766
1665
51807
7352
29978
6830
22879
26
5007
63826
680
5197
54946
8872
23410
374868
1114
3605
2993
1137
7139
8890
10577
7515
9333
11060
4851
1994
5291
10188
10699
64221
1271
57084
1825
5283
51266
146754
9103
51411
3224
57109
192666
187
5869
1297
5153
9892
9744
10446
9705
6003
11018
192683
988
54476
26287
1828
8468
79933
79097
357
1135
26476
9121
79804
10842
23608
94025
26648
6861
51046
5437
9777
10151
2128
81892
85453
64064
4332
57498
55683
3948
238
79823
22915
23016
50508
51168
8611
57124
200576
57573
5496
5859
56899
10385
220594
51275
1996
3211
8939
53832
23538
63973
9719
4760
56914
2550
2670
6429
51063
51614
23246
8312
57096
22898
5917
166
6492
11262
79187
6909
765
57101
6484
6326
9778
23275
2779
4066
2015
114034
78989
50626
11255
27348
8110
56934
2893
199
1536
1669
51778
89
10777
3860
1469
56244
23217
9616
409
55862
4058
6096
27255
7432
730051
1130
4114
9890
10648
55512
2290
9908
3101
79148
100129460
80199
8720
1412
9573
9827
10920
257
57597
6792
57604
1107
79705
1621
23150
1947
7009
29118
27087
2979
4238
3222
4901
3568
2117
3203
5721
10114
2569
8883
1129
6881
4904
6121
9545
152185
55032
640
58487
259197
30827
27033
1015
6204
6009
4653
79740
6561
3578
8328
56947
55850
57343
55065
317648
931
58483
129080
9219
26525
1038
3841
23355
5813
1587
55114
1880
63877
6135
4991
944
57172
3543
5542
84148
27178
79738
51267
258
23152
22808
65244
23592
5617
27072
4246
9086
5304
10895
9860
9439
23033
26276
2833
56242
25847
7561
55870
7994
23629
2342
79230
9748
79893
26230
339044
79029
23307
80823
55671
54993
55184
27314
10576
64324
3044
242
90665
84934
59348
4033
400506
65979
9831
54766
2958
5616
8481
91442
9635
9736
55180
11333
582
4898
57403
1538
3792
1203
22908
8760
9371
55707
79084
56061
80124
9525
79175
79963
22932
80323
2960
7978
9528
3362
81856
8723
285231
3594
57599
10664
8778
55423
389677
64446
284443
23385
9775
10536
22853
10333
2641
4706
10861
54020
8273
64078
6392
6559
26034
79092
10216
11024
1070
9699
181
8742
1807
79369
8858
64963
2742
27257
8808
3064
84107
9829
54714
10016
911
23569
4608
51348
7386
55119
51378
80217
9248
689
10494
1856
3891
8973
2790
58155
2322
10585
7709
5670
1120
79840
25778
84914
9791
23172
29928
23400
22927
79902
22948
80227
777
30845
9993
5253
27120
9869
79871
55308
55693
79650
54707
2796
57003
2262
3653
51279
1261
1770
79760
89781
8665
54998
60495
10428
8897
81873
58529
11232
10001
2532
5255
9689
774
81605
6602
2554
53339
3239
25926
10807
93594
51506
4617
55211
7802
9798
9278
51075
2230
54558
64377
27445
202559
27005
25915
9024
10943
4647
10270
8449
25999
84444
54499
9559
26240
126298
11267
25875
23390
10423
9142
55615
55164
51550
619505
64901
23639
147912
1740
65982
5383
3636
5746
79819
6456
11016
80778
64431
54549
8813
27430
56897
58986
10265
5455
55611
7342
27098
22937
10519
203069
57030
1820
55860
10296
7572
6231
10175
10128
9524
221154
59349
154881
54902
51074
122704
256364
55625
23062
90326
1609
56123
23504
9378
55296
55907
2299
57805
4946
56851
64927
51652
79176
91752
28513
5438
9063
2846
55364
57472
1607
159
55505
79269
9880
114044
79654
3516
6635
84942
54927
3062
79874
10795
5871
23053
2630
2665
389856
1635
8602
3191
54470
3476
23583
1908
6872
5303
10949
2572
10156
200205
22835
141
92170
6810
8724
9900
10228
2785
79717
284001
9668
7879
56146
51573
64359
57711
1939
10933
387082
79744
7857
4914
869
51368
126017
22826
4807
80177
2767
56981
79719
2301
6670
55819
10450
9310
113419
79788
79930
221960
55670
9277
6328
5705
27102
79645
23765
2588
55585
23632
54960
11132
9509
10394
10495
3933
1781
1176
4224
2703
54793
2940
8224
63970
6173
10368
3347
5319
9695
3633
27159
361
2259
3059
10542
4352
997
27036
1442
2838
23563
4146
6144
322
51412
10584
55327
6779
65012
10566
3674
3208
11086
3061
63036
51705
10817
4619
23704
10666
56114
51554
55510
10060
359
10242
51284
90
9464
2840
59335
552
8685
712
9332
79748
80142
53919
171558
10692
1046
2848
1473
1132
2798
2693
5620
6610
3903
496
1414
5995
2832
3798
2559
4821
3881
56341
84193
6476
54457
1045
5962
55139
6389
5893
56623
55654
2994
387707
10801
7681
79843
55333
124801
10554
84820
130074
83482
6786
1417
56945
51023
100132923
759
2645
1179
3927
10871
10603
10127
5756
2334
495
114819
100128640
11055
7629
26043
285830
23413
5289
55578
8715
51517
55643
10557
57019
3299
51093
54505
3770
10894
55270
9630
11235
55702
54784
317762
51214
4103
56001
7712
23144
8846
9380
1455
27335
29086
55486
56941
51332
23131
91369
23431
10294
56158
7288
55036
10089
23387
56848
57105
23118
54466
2215
2079
9294
55778
4296
6853
57795
219595
2707
10420
5544
6698
8001
1357
662
7535
4606
8999
91646
10900
5475
5076
91977
728498
4025
3449
3442
2815
5030
9228
3702
9028
55152
10078
26133
55336
27240
738
81926
127534
7252
22993
611
683
89941
80228
199870
126208
60484
81492
29093
25843
474344
3238
10939
50485
3859
1089
9328
26279
64410
51642
10989
64395
6862
64110
3351
9389
9675
9716
529
51604
3735
5018
103
23640
51213
7932
10077
23423
9895
51008
10819
56
8512
2134
3834
22829
9087
8552
9311
7439
4294
100506469
55282
6523
57369
353299
54866
22899
64319
3857
100289678
56969
8563
54442
10317
26145
26001
26716
60625
23746
5439
55592
6844
84658
8988
5145
79140
11181
7783
7024
10477
5172
79089
50839
79879
11131
2865
54584
10533
9047
10322
65980
171017
114932
339229
79973
10992
10907
6311
79053
80148
9044
55249
57570
2158
26747
55421
55435
9081
4062
53353
2776
9046
55515
2009
80762
2300
221472
1804
22895
10141
221395
79949
81870
2830
284649
56912
79701
1439
10126
118433
84890
11191
79970
10747
2516
6192
27285
55069
57212
81614
27339
79955
92211
1933
729515
3375
55655
28956
51301
83440
9671
57828
2984
27012
9495
135138
6637
55425
79831
1815
51497
55223
3753
8546
10768
26019
27091
3356
54039
23026
11194
6727
1146
1489
6795
10223
9472
54828
9752
27043
4048
64708
55188
